right border slope 

k: 0.6726726726726723 b: -500.98498498498435
k: 0.6752873563218389 b: -503.6781609195396


left border slope

k: -0.6990291262135925 b: 900.5048543689321
k: -0.6740947075208904 b: 889.7966573816152